最後更新日期: 2026年01月15日
手術室費
(HK$)
醫生費
(不包括麻醉科
醫生費) (HK$)
麻醉科
醫生費
(HK$)
醫院費
(HK$)
總收費
(HK$)
平均住院
日數
最少數 13,070 18,220 5,460 3,290 40,690
中位數 21,620 49,600 12,390 6,740 93,450
平均數 25,590 52,730 14,810 8,380 101,510
最多數 54,480 120,000 39,900 28,950 232,730
最少數 11,660 10,760 3,230 3,120 28,770
中位數 17,800 27,300 8,100 10,690 65,790
平均數 17,990 31,390 9,230 12,690 71,290
最多數 29,790 61,800 21,000 58,650 129,900
最少數 15,800 23,540 7,060 3,640 56,520
中位數 42,270 66,000 18,000 9,710 135,840
平均數 40,970 68,920 19,250 11,560 140,700
最多數 89,150 207,430 60,000 30,130 384,600
最少數 11,750 11,950 3,590 3,410 34,580
中位數 15,070 26,230 8,000 7,350 57,850
平均數 15,870 26,950 7,960 9,020 59,790
最多數 41,720 57,000 15,000 39,820 144,740
最少數 6,070 6,000 0 930 13,000
中位數 6,070 13,100 0 930 21,130
平均數 7,100 14,880 0 1,020 22,990
最多數 18,840 42,000 0 3,470 60,680
最少數 7,170 12,080 3,490 1,910 30,910
中位數 9,140 18,600 5,500 8,630 44,040
平均數 10,700 20,780 5,970 9,090 46,540
最多數 16,400 35,000 11,550 42,860 83,420
最少數 10,680 12,450 3,740 5,080 35,480
中位數 14,810 27,200 7,500 9,430 57,200
平均數 15,570 29,520 8,560 10,480 64,130
最多數 30,450 74,400 23,000 50,390 157,600
最少數 22,080 51,000 14,500 15,800 107,930
中位數 29,200 59,700 17,500 17,950 122,880
平均數 28,690 61,460 17,750 18,760 126,660
最多數 33,140 73,600 21,000 24,770 147,540
最少數 19,530 27,200 8,000 9,890 74,300
中位數 24,940 41,820 12,600 16,010 97,010
平均數 28,050 45,810 13,740 23,060 110,660
最多數 74,250 84,220 28,000 78,200 232,740
最少數 56,530 53,220 13,000 35,350 181,630
中位數 80,060 92,610 25,750 54,240 251,570
平均數 84,590 103,010 27,670 66,880 282,140
最多數 126,260 206,220 50,000 175,170 478,440
http://www.union.org
(下列為統計資料，只作參考用途。各項收費會因應病情的複雜性，及個別醫生所定的收費而有所改變。)
手術種類
扁桃體切除術 2.1
耳鼻喉科
鼻中隔成形術 2.6
顯微喉內視鏡檢查 2.0
功能性內視鏡鼻竇手術 2.8
眼科
晶狀體乳化+人工晶體植入
術(局部麻醉)
(非住院)
1.0
外科
痔瘡切除術 2.2
乳房切除術 4.3
超聲波導引乳房腫塊切除術 2.2
腹腔鏡直腸切除術 9.4
腹腔鏡內膽囊切除術 3.2
二零二五年七月至十二月
仁安醫院常見手術收費

===== PAGE BREAK =====

最後更新日期: 2026年01月15日
手術室費
(HK$)
醫生費
(不包括麻醉科
醫生費) (HK$)
麻醉科
醫生費
(HK$)
醫院費
(HK$)
總收費
(HK$)
平均住院
日數
(下列為統計資料，只作參考用途。各項收費會因應病情的複雜性，及個別醫生所定的收費而有所改變。)
手術種類
二零二五年七月至十二月
仁安醫院常見手術收費
最少數 16,730 44,000 12,000 15,260 91,990
中位數 26,480 54,000 15,750 22,140 119,490
平均數 26,020 56,600 16,640 22,550 121,810
最多數 36,750 104,000 33,000 30,610 185,050
最少數 4,950 5,000 2,000 2,300 16,240
中位數 5,600 14,700 4,500 3,810 28,970
平均數 5,920 14,320 4,390 5,020 29,650
最多數 11,660 23,000 7,000 19,360 44,200
最少數 21,070 17,550 5,830 9,580 69,740
中位數 26,870 43,600 13,300 16,180 99,300
平均數 27,500 44,120 13,450 18,490 103,550
最多數 39,430 82,000 24,000 44,040 159,300
最少數 4,950 5,800 1,800 2,170 19,670
中位數 8,320 18,200 5,250 6,330 38,650
平均數 8,830 17,690 5,240 7,610 39,370
最多數 23,800 35,600 9,400 27,140 78,450
最少數 28,020 40,500 12,000 14,360 100,420
中位數 37,550 65,500 21,000 20,480 156,420
平均數 41,900 76,470 22,350 22,210 162,930
最多數 84,060 230,400 64,000 68,050 397,250
最少數 6,890 24,300 0 5,080 36,870
中位數 25,650 32,260 0 10,110 68,560
平均數 29,900 39,220 6,580 13,830 89,530
最多數 81,760 94,600 25,000 53,450 227,720
最少數 49,960 26,220 13,000 9,500 129,180
中位數 64,530 57,500 17,000 25,630 165,590
平均數 68,790 62,080 18,280 24,830 173,980
最多數 116,410 122,400 38,000 48,110 282,320
最少數 19,120 30,900 9,900 5,710 69,000
中位數 23,700 40,000 11,000 10,270 95,970
平均數 26,360 39,550 11,540 11,660 89,110
最多數 33,950 51,300 15,000 21,650 108,980
最少數 39,570 43,000 13,830 8,080 110,260
中位數 46,980 53,800 15,000 14,480 137,120
平均數 50,290 53,340 15,890 14,950 134,470
最多數 70,760 64,800 20,000 20,670 159,810
http://www.union.org
產婦科
肌瘤切除術 4.9
腹腔鏡卵巢囊腫切除術 3.3
刮宮術 1.4
腹腔鏡輔助子宮切除術 4.6
宮腔鏡檢查 + 刮宮術 1.5
全膝關節置換術 5.6
骨科
開放性復位及內固定術 3.1
膝前十字韌帶重建術 3.5
膝關節內窺鏡檢查 3.0


===== PAGE BREAK =====

最後更新日期: 2026年01月15日
手術室費
(HK$)
醫生費
(不包括麻醉科
醫生費) (HK$)
麻醉科
醫生費
(HK$)
醫院費
(HK$)
總收費
(HK$)
平均住院
日數
(下列為統計資料，只作參考用途。各項收費會因應病情的複雜性，及個別醫生所定的收費而有所改變。)
手術種類
二零二五年七月至十二月
仁安醫院常見手術收費
最少數 14,440 19,600 6,000 3,290 46,390
中位數 16,780 39,300 11,000 3,590 69,640
平均數 16,400 38,900 10,250 4,110 69,660
最多數 17,590 57,400 13,000 5,980 92,970
最少數 17,010 29,230 8,000 14,790 69,430
中位數 32,960 40,610 12,000 23,960 117,140
平均數 28,690 48,050 12,630 28,770 118,140
最多數 43,280 78,220 20,000 79,590 186,140
最少數 36,880 26,590 7,980 20,480 94,750
中位數 39,870 29,620 8,400 23,990 103,370
平均數 42,430 29,840 8,430 24,510 105,210
最多數 51,220 33,220 9,000 29,150 119,700
http://www.union.org
http://www.union.org/new/tc_chi/charges/files/room_c.pdf
2) 以上為病人進行單一手術及入住標準房間費用的統計資料。同時進行兩項或以上手術的有關資料並未納入統計範圍。
3) 醫生費包括相關程式的醫生費及醫生巡房費。
4) 醫院費包括醫院服務費、住宿費、手術消耗品及相關物料費用、護理費、檢驗和檢查費，及藥物、餐膳、飲料和一般雜項的費用。
經尿道內視鏡前列腺刮除術
(電刮)
4.7
泌尿科
睪丸固定術 1.5
備註：
1) 本院的每天住院房租收費請參考網頁 :
等離子前列腺氣化術 4.5
